1.80487 1.76001 0.0075208
1.7971 1.39162 0.0104565
1.95701 1.38848 0.0098075
1.98122 1.41279 0.0098245
2.05335 1.6676 0.0103059
2.23639 1.6006 0.0101714
2.15886 1.52983 0.0155125
2.33888 1.63854 0.0111476
2.38506 1.63608 0.0109825
2.31803 1.47842 0.0097714
2.08813 1.46163 0.0115098
2.29142 1.63869 0.010962
2.41196 1.57034 0.0104012
2.309 1.5059 0.0223077
2.35262 1.61007 0.0202796
2.33229 1.62111 0.0109023
2.35995 1.49628 0.0224896
2.39507 1.50462 0.0223011
2.29262 1.51221 0.0138548
2.40714 1.51654 0.0103291
2.35618 1.54071 0.0103423
2.2737 1.57336 0.0102451
2.34496 1.44458 0.0103912
2.28501 1.44754 0.0102762
2.19534 1.51515 0.0275982
2.3348 1.55784 0.0212176
2.2546 1.51094 0.0133172
2.35459 1.48744 0.0232577
2.30728 1.57637 0.0213327
2.36307 1.52868 0.01477
2.38145 1.54857 0.015358
2.27896 1.58127 0.0107336
2.2165 1.501 0.0107296
2.37531 1.56084 0.0102911
2.31323 1.47078 0.0102579
2.28387 1.55201 0.0332283
2.27155 1.64129 0.0160954
2.37573 1.58278 0.016336
2.23286 1.49668 0.0167963
2.24813 1.55294 0.0101089
2.28071 1.54314 0.0103995
2.41641 1.52428 0.0102866
2.29264 1.45301 0.0102778
2.41031 1.46155 0.0101227
2.252 1.61453 0.0099914
2.32992 1.52552 0.0228834
2.32987 1.53238 0.0279983
2.33317 1.54962 0.0142938
2.32961 1.52718 0.0275404
2.32233 1.5678 0.0102028
2.3748 1.58068 0.0228282
2.38231 1.60082 0.0133913
2.26133 1.57252 0.0284741
2.39408 1.63826 0.0099394
2.23014 1.60037 0.010296
2.26696 1.61645 0.0111842
2.36526 1.74975 0.0102393
2.45645 1.76223 0.0103995
2.37668 1.75131 0.0103485
2.42731 1.70906 0.0096458
2.40469 1.75181 0.010799
2.34483 1.80277 0.010581
2.40521 1.78291 0.0102151
2.42945 1.85555 0.0109902
2.35055 1.95907 0.0104564
2.35286 1.95271 0.0108304
2.33464 1.93813 0.0102727
2.39342 2.06023 0.010067
2.5091 2.06354 0.010351
2.29452 2.02279 0.0105175
2.44401 2.10164 0.0257471
2.38437 2.11374 0.0104351
2.36851 2.1258 0.0103975
2.50589 2.13359 0.0099783
2.40323 2.2736 0.0103328
2.42636 2.23647 0.0101035
2.41098 2.28682 0.0102639
2.39733 2.43754 0.0100936
2.39507 2.33426 0.0100975
2.42337 2.54646 0.0106492
2.47589 2.43058 0.0101531
2.41499 2.48207 0.0107193
2.38743 2.46085 0.0100034
2.3788 2.53098 0.022542
2.3672 2.44139 0.0121807
2.45567 2.62067 0.0255323
2.3705 2.52327 0.0121808
2.43884 2.50582 0.024969
2.27711 2.63784 0.0112741
2.54879 2.60569 0.0146791
2.61224 2.64737 0.0216844
2.47889 2.7031 0.0194161
2.54151 2.73178 0.0155682
2.48572 2.80656 0.0154689
2.42338 2.84685 0.0274405
2.39446 2.84613 0.011166
2.48194 2.96596 0.0184567
2.44183 2.75187 0.0101997
2.32503 2.99862 0.0102845
2.46569 3.03762 0.010373
2.52488 2.94477 0.0099701
2.44552 3.102 0.0106894
2.52495 3.08534 0.0236453
2.36788 3.1375 0.0251866
2.50509 3.09663 0.0281578
2.47132 3.29064 0.0140114
2.50638 3.20698 0.0168231
2.49214 3.15393 0.0243485
2.55487 3.14518 0.0124969
2.3962 3.19622 0.0111851
2.48246 3.17583 0.011308
2.48877 3.32919 0.0115945
2.54566 3.37591 0.0108273
2.50167 3.35162 0.0105608
2.57676 3.41277 0.0221953
2.7397 3.45093 0.0380425
2.56512 3.54769 0.0147617
2.45354 3.44175 0.0110024
2.56998 3.35269 0.0283141
2.50683 3.46074 0.012252
2.51793 3.49711 0.0107721
2.36793 3.50092 0.0117057
2.45586 3.64904 0.0233554
2.59324 3.7284 0.0245652
2.4807 3.73097 0.0125562
2.5822 3.70865 0.0116575
2.49939 3.75389 0.012515
2.44351 3.83537 0.0119685
2.57022 3.85283 0.0115925
2.59585 3.87683 0.0116317
2.49999 3.90338 0.0124159
2.58181 3.88425 0.0129785
2.54549 3.91927 0.0131627
2.59917 3.9312 0.0360879
2.67538 4.07189 0.0170154
2.63798 4.17358 0.0116325
2.5087 4.05948 0.0117007
2.66914 4.06778 0.0118426
2.58463 4.11664 0.0120389
2.66762 4.15944 0.0114299
2.58165 4.20142 0.0129355
2.61604 4.26349 0.0105339
2.66133 4.3809 0.011012
2.7123 4.16517 0.010775
2.70569 4.25606 0.0106724
2.54353 4.35333 0.0107871
2.64322 4.47087 0.0117126
2.63851 4.40495 0.0109396
2.66317 4.43133 0.0211073
2.57881 4.47187 0.0121232
2.55334 4.4526 0.0116981
2.64221 4.57133 0.0122788
2.56832 4.5942 0.0120315
2.70885 4.60491 0.0119294
2.65885 4.66755 0.0119329
2.73538 4.74318 0.0121587
2.61297 4.67617 0.0106671
2.67747 4.78128 0.0106297
2.63695 4.68663 0.0269439
2.66517 4.8383 0.0116502
2.63889 4.72595 0.0115292
2.65521 4.71992 0.0120336
2.76816 4.85449 0.0112468
2.71698 4.84534 0.0100218
2.79704 5.07695 0.0103761
2.8084 4.98903 0.0106812
2.73248 5.01599 0.0242302
2.78607 5.04054 0.0294245
2.77771 5.0152 0.0153806
2.77234 5.11121 0.0283619
2.74715 5.20925 0.0130567
2.63471 5.19959 0.0131372
2.7995 5.13902 0.0254278
2.74274 5.20116 0.0226848
2.64864 5.20034 0.0292128
2.67942 5.14939 0.0274662
2.81332 5.18351 0.0237547
2.69512 5.35027 0.0166742
2.67335 5.38161 0.0300104
2.73664 5.29292 0.0190547
2.74367 5.33952 0.0104372
2.811 5.28817 0.0261284
2.81633 5.41966 0.0106858
2.75399 5.47445 0.010839
2.82971 5.55182 0.0264546
2.90995 5.48101 0.0106523
2.90531 5.60696 0.0104787
2.86608 5.5348 0.0110496
2.88639 5.58234 0.0105388
2.82177 5.6072 0.0103288
2.81867 5.66573 0.0102677
2.80311 5.79122 0.0105531
2.87474 5.75753 0.0108466
2.91529 5.70511 0.0104525
2.87352 5.75555 0.0104143
2.8498 5.8165 0.0104804
2.86254 5.80476 0.010997
2.88051 5.93236 0.028969
2.96977 5.93787 0.0360901
2.81423 6.01201 0.0117471
3.03109 5.91141 0.0135541
2.91835 5.83985 0.013441
2.93095 5.95376 0.0102373
2.91756 6.05939 0.0131237
2.88215 6.00906 0.0106353
3.04516 6.11369 0.0132545
2.89731 6.11103 0.0137187
2.90714 6.16285 0.0105191
2.97927 6.11564 0.0104621
2.8267 6.23275 0.0105854
2.91561 6.25376 0.0105293
2.99514 6.30209 0.0107449
2.93861 6.26541 0.0107748
3.12707 6.44492 0.0272764
2.99206 6.38444 0.0167631
3.00568 6.47437 0.0200301
3.05816 6.3987 0.0157751
3.02576 6.46445 0.0104837
2.82028 6.48354 0.0106141
2.91871 6.45958 0.0106392
2.93108 6.64385 0.0104828
2.98536 6.6252 0.0107125
2.97344 6.60287 0.0106026
2.99353 6.59945 0.0105788
3.04934 6.60768 0.0103749
3.04326 6.76969 0.0105343
3.06912 6.75605 0.0105897
3.04633 6.73726 0.0105967
3.01695 6.8788 0.0147859
3.07825 6.90368 0.0102297
3.16681 6.8678 0.0105121
3.08296 6.83092 0.0105963
3.0634 6.87118 0.0105874
3.04511 7.05313 0.0104982
3.04261 7.06594 0.0107739
3.07568 6.98109 0.0273579
2.99901 7.00632 0.0168385
3.15996 7.07248 0.0162663
3.11932 6.99375 0.0314322
3.0128 7.1085 0.0167249
3.10666 7.10483 0.0300432
3.10343 7.12986 0.0175731
3.19643 7.22765 0.0164885
3.16175 7.25947 0.0110561
3.11412 7.32432 0.0211651
3.03878 7.32334 0.0226775
3.0648 7.27239 0.0126608
3.11987 7.30053 0.0117226
3.10004 7.39823 0.0141084
3.12547 7.3824 0.0126082
3.03825 7.36964 0.0277696
3.1711 7.39938 0.0108054
3.06331 7.47243 0.0118781
3.13559 7.52141 0.0256882
3.05897 7.71058 0.0336311
3.19004 7.12224 0.0164586
3.0625 7.59721 0.0248441
3.0785 7.53729 0.0147729
3.14264 7.5882 0.0162016
3.17657 7.66185 0.0109984
3.34832 7.75562 0.0110941
3.27157 7.78917 0.0259768
3.27144 7.78469 0.0291328
3.21937 7.90674 0.0155273
3.18497 7.77933 0.0122831
3.10894 7.86329 0.0230762
3.1576 7.89996 0.0282289
3.15487 8.01013 0.0151234
3.23066 8.02356 0.0163472
3.16359 8.08467 0.0166947
3.2466 7.98371 0.014702
3.3003 8.07055 0.0154783
3.18499 8.02304 0.0190794
3.27971 8.01099 0.0103828
3.23805 8.07235 0.0109815
3.1849 8.11649 0.0161354
3.36773 8.20536 0.0247114
3.30875 8.30736 0.0157405
3.29869 8.18162 0.0165808
3.19069 8.28602 0.0156112
3.11776 8.27969 0.0257519
3.15416 8.34511 0.0167954
3.20832 8.2857 0.0166849
3.26711 8.4139 0.0110877
3.3161 8.31769 0.0106523
3.28138 8.44403 0.0251456
3.28331 8.45324 0.0156656
3.30101 8.55998 0.0168188
3.34225 8.59269 0.017323
3.34279 8.65148 0.016088
3.27347 8.66779 0.016926
3.29292 8.67816 0.0167258
3.29568 8.5963 0.0112135
3.30255 8.75785 0.0109285
3.33797 8.76777 0.0109885
3.39358 8.829 0.0103753
3.4248 8.77868 0.0114564
3.33905 8.85169 0.0228509
3.35435 8.85055 0.0212262
3.35163 8.8231 0.0148074
3.35567 9.07855 0.0140047
3.44608 8.93503 0.0113211
3.37321 8.96127 0.0264852
3.47734 9.13897 0.0246864
3.45739 8.9932 0.0155052
3.43351 9.09169 0.0107008
3.42303 9.12747 0.0112929
3.47017 9.2342 0.0111397
3.43833 9.15851 0.0352269
3.48673 9.29303 0.019074
3.46233 9.18646 0.0192874
3.46689 9.34213 0.0118569
3.51862 9.34654 0.0178254
3.45481 9.32808 0.0125422
3.42893 9.28325 0.0122847
3.47462 9.30657 0.0120848
3.46339 9.24267 0.0125525
3.36231 9.31119 0.0105627
3.53011 9.38599 0.0116442
3.46487 9.25434 0.0111334
3.43171 9.21722 0.0289084
3.60696 9.2637 0.0116925
3.50719 9.28608 0.0113729
3.42779 9.30175 0.0289574
3.5107 9.2068 0.0148599
3.47709 9.29209 0.0111747
3.4783 9.26111 0.0282003
3.4183 9.25286 0.0237329
3.42866 9.24618 0.0173553
3.44802 9.25645 0.0324852
3.53796 9.29722 0.0178329
3.50383 9.22253 0.0166115
3.54991 9.26145 0.0186638
3.4704 9.36141 0.02078
3.59296 9.30008 0.013823
3.448 9.35208 0.0251191
3.39732 9.30074 0.0137622
3.42523 9.31831 0.0130379
3.59104 9.33235 0.0104844
3.48791 9.24597 0.0107122
3.43464 9.26394 0.0106991
3.52264 9.28183 0.0107298
3.50545 9.22396 0.0104431
3.49783 9.28076 0.0263529
3.50055 9.27138 0.0266414
3.53327 9.38504 0.0104615
3.5352 9.31288 0.0107225
3.58355 9.33684 0.0104635
3.55253 9.4916 0.0257746
3.41315 9.24432 0.0126314
3.53676 9.30942 0.0150953
3.44993 9.43984 0.0159503
3.55852 9.33825 0.0108186
3.57746 9.49693 0.0153007
3.53814 9.43027 0.0105336
3.41856 9.49533 0.0298953
3.58902 9.57091 0.01308
3.60021 9.5445 0.0129036
3.5424 9.48026 0.012945
3.49633 9.60287 0.0182285
3.52294 9.69902 0.0097553
3.61295 9.78524 0.0110466
3.70034 9.70837 0.0109992
3.50832 9.68795 0.0106128
3.51989 9.70501 0.0103553
3.56331 9.81171 0.0109511
3.63509 9.72807 0.010924
3.60427 9.67149 0.010811
3.59997 9.63228 0.0106285
3.51247 9.69325 0.0198486
3.52569 9.71502 0.014289
3.54382 9.85629 0.0141268
3.51745 9.84749 0.0097637
3.65181 9.87187 0.0150964
3.65397 9.77928 0.0143675
3.6678 9.88325 0.0155835
3.59975 9.77127 0.0140892
3.58044 9.76938 0.0144193
3.57431 9.89368 0.0141079
3.61774 9.93012 0.0147254
3.61205 9.90923 0.0143131
3.72191 9.91513 0.0145687
3.64857 9.99835 0.0097393
3.56173 9.98504 0.0099505
3.57559 10.1176 0.0103573
3.6625 10.0015 0.0271807
3.62152 10.0635 0.0118343
3.69386 10.1425 0.0143428
3.68678 10.1295 0.0158442
3.53583 10.0753 0.0157506
3.64977 10.1655 0.0155804
3.62493 10.1329 0.0153052
3.61803 10.201 0.0157913
3.59796 10.3497 0.015241
3.61661 10.3286 0.0147103
3.57254 10.2396 0.0164806
3.60021 10.3646 0.0112261
3.63053 10.4029 0.0125467
3.60715 10.5026 0.0126459
3.52663 10.5074 0.0112707
3.52499 10.4946 0.0116662
3.65425 10.3975 0.0113653
3.66015 10.5609 0.0126916
3.54901 10.4766 0.0145512
3.6031 10.4855 0.0129279
3.5417 10.3306 0.0141235
3.485 10.6795 0.0120197
3.42517 10.6236 0.0133487
3.52775 10.7491 0.0138451
3.47826 10.5734 0.0137364
3.39834 10.4319 0.0135144
3.56839 10.6873 0.022922
3.63144 10.8096 0.0144562
3.3164 10.6627 0.0295298
3.39876 10.6025 0.0220556
3.44161 10.6668 0.0332136
3.34388 10.6578 0.020094
3.30517 10.5369 0.0136952
3.289 10.5369 0.0151839
3.50389 10.8963 0.014862
3.42433 10.9517 0.0136677
3.58466 11.0461 0.0133887
3.56936 11.0632 0.0119733
3.21763 10.8524 0.0132015
3.30977 10.8439 0.0135322
3.45723 11.0658 0.014853
3.2401 10.8233 0.0137906
3.34155 10.8473 0.0139572
3.3629 11.0572 0.0135316
3.28287 10.9649 0.0134878
3.24402 10.907 0.0141679
3.14808 10.8846 0.0168007
3.48748 11.049 0.0145007
3.03172 10.9448 0.015021
3.08375 11.0237 0.02825
3.20727 11.0484 0.0201341
3.26718 11.1136 0.0194951
3.11382 11.0804 0.0137341
3.20618 10.9904 0.014682
3.16375 11.0178 0.0169701
3.08847 11.0427 0.0169931
2.92808 11.0534 0.0129896
2.93251 11.1642 0.0176041
3.16651 11.3296 0.0120861
3.21184 11.4232 0.0123352
3.21021 11.5461 0.0129599
3.21369 11.5758 0.0129435
2.9737 11.437 0.0148153
3.07855 11.5532 0.0134024
2.99567 11.2664 0.012933
2.81834 11.3554 0.0149234
2.71498 11.2962 0.0132747
2.73265 11.3619 0.014637
2.63785 11.4598 0.0151005
2.66441 11.3247 0.0433801
2.66151 11.4283 0.020541
2.60034 11.4899 0.0212092
2.61088 11.5859 0.0255751
2.62542 11.5027 0.0150638
2.57553 11.4995 0.0135937
2.6167 11.847 0.0126149
2.69571 11.5245 0.0128403
2.76132 11.9446 0.0104674
2.65317 12.157 0.0269001
2.69846 12.1464 0.0175752
2.60824 12.2131 0.0186338
2.71789 12.1672 0.0189708
2.69187 12.2816 0.037647
2.66643 12.2889 0.0103621
2.60126 12.2663 0.0106888
2.55651 12.3336 0.0107395
2.54193 12.2412 0.0102534
2.41705 12.2683 0.0101311
2.43709 12.2483 0.0101992
2.44966 12.2866 0.0312342
2.37199 12.3536 0.0118756
2.4606 12.3154 0.0126362
2.24051 12.4761 0.0118267
2.25641 12.425 0.023742
2.19988 12.4983 0.0147207
2.07663 12.5206 0.0135896
2.18245 12.3777 0.0143236
2.0947 12.5419 0.0097567
2.03166 12.3588 0.0094867
2.09982 12.3757 0.0094715
2.10064 12.4324 0.0103215
1.96997 12.4742 0.0104851
2.04976 12.4595 0.0099505
1.95934 12.4027 0.009373
1.86698 12.4814 0.0101031
1.91056 12.5069 0.0096335
1.86324 12.5138 0.0167661
1.94107 12.436 0.0080887
1.89528 12.4024 0.0097908
1.71258 12.4806 0.0096001
1.68993 12.4034 0.0092063
1.66855 12.4839 0.009719
1.66249 12.398 0.0109981
1.53364 12.4548 0.0125465
1.67678 12.5923 0.0191695
1.60476 12.431 0.0119937
1.47021 12.4794 0.0111343
1.50781 12.5231 0.0125969
1.48299 12.5495 0.0115137
1.55712 12.6312 0.0123514
1.3849 12.5916 0.0095599
1.44822 12.5806 0.0096813
1.38169 12.5599 0.0097012
1.42282 12.5154 0.0095139
1.40867 12.5739 0.0102268
1.24265 12.5211 0.0105012
1.2226 12.5608 0.009932
1.31781 12.5748 0.0095555
1.17299 12.5882 0.0127881
1.14502 12.5166 0.0098593
1.08897 12.5854 0.011105
1.04983 12.6602 0.0117445
1.03634 12.4901 0.0097126
1.01253 12.4799 0.010262
1.07432 12.5924 0.010837
0.9088 12.6577 0.0108196
0.899738 12.6707 0.0109273
0.855544 12.6602 0.0111282
0.882033 12.5749 0.0112352
0.777287 12.5651 0.0113087
0.858838 12.497 0.0117813
0.767465 12.6056 0.0112476
0.756115 12.6316 0.0125453
0.802195 12.5945 0.0110125
0.6089 12.459 0.0130475
0.57796 12.5879 0.0325921
0.479875 12.5044 0.0133147
0.554895 12.5744 0.0205984
0.464993 12.524 0.0202828
0.454007 12.6359 0.010425
0.487098 12.5978 0.0154474
0.499884 12.5904 0.0111405
0.404553 12.5889 0.0107907
0.444128 12.5113 0.0096732
0.280525 12.4823 0.0103949
0.334281 12.4225 0.0104163
0.288823 12.4945 0.0111071
0.225681 12.4418 0.0107465
0.154116 12.3714 0.0092556
0.113909 12.6621 0.0102813
0.166603 12.5132 0.0100045
0.148048 12.5661 0.0100371
0.0974892 12.6426 0.0094062
0.0599498 12.4414 0.0106867
-0.0272486 12.5205 0.0097153
0.0848792 12.4844 0.0102577
-0.0313962 12.4743 0.0104026
-0.0741145 12.3387 0.0107067
-0.141219 12.4877 0.0104777
-0.130375 12.4626 0.01041
-0.239104 12.4585 0.010218
-0.164137 12.419 0.0113584
-0.274796 12.4547 0.0103146
-0.26686 12.285 0.0096849
-0.344634 12.4421 0.0103252
-0.453285 12.4349 0.0104132
-0.285891 12.218 0.0114055
-0.450055 12.0649 0.011739
-0.507764 12.0566 0.0116139
-0.485216 11.962 0.0116447
-0.580669 11.9978 0.0145906
-0.654882 12.2322 0.0116341
-0.541784 11.9501 0.0147639
-0.627187 11.8429 0.0124832
-0.588812 11.7279 0.0127628
-0.60481 12.1988 0.0140005
-0.764843 12.1445 0.0149626
-0.770933 12.0667 0.0199301
-0.75595 11.9133 0.01298
-0.705189 12.1084 0.0128318
-0.640182 12.1213 0.0162827
-0.783172 11.8775 0.0135332
-0.651643 12.0297 0.01218
-0.777141 12.0741 0.0129287
-0.868574 11.8499 0.0199607
-0.954192 11.8042 0.011906
-0.941136 11.753 0.0122194
-0.989888 11.7642 0.013517
-1.058 11.9457 0.0154205
-1.03866 11.5829 0.0128089
-1.02328 11.9007 0.0134207
-0.922939 12.0057 0.0120537
-1.1068 11.8863 0.0136543
-1.10784 11.9281 0.0119928
-1.00795 11.9659 0.011266
-1.05336 11.8919 0.0115516
-0.941759 11.7323 0.0120475
-1.05535 11.6835 0.0119255
-1.01322 11.7763 0.011916
-1.06356 11.6429 0.0114374
-1.18056 11.8503 0.0137646
-1.12693 11.5963 0.0136904
-1.21275 11.6645 0.0124816
-1.21592 11.4607 0.0122791
-1.27262 11.425 0.0116862
-1.33439 11.5282 0.0110354
-1.31644 11.5617 0.0125077
-1.34673 11.4734 0.0121395
-1.37752 11.4146 0.0121355
-1.34663 11.3103 0.0118688
-1.38396 11.238 0.0122606
-1.29969 11.3416 0.0127123
-1.27769 11.1707 0.0127899
-1.34656 11.1603 0.0119887
-1.39169 11.3553 0.0115391
-1.45298 11.1706 0.011919
-1.43916 11.3061 0.0116496
-1.51119 11.2791 0.0115368
-1.41848 11.2475 0.0117093
-1.39535 11.0742 0.011826
-1.44466 11.0987 0.011412
-1.56624 11.0726 0.0113865
-1.44173 11.0442 0.0114877
-1.46562 11.0969 0.0121184
-1.43527 11.0959 0.0107602
-1.47002 11.095 0.0104311
-1.41333 11.0779 0.0110273
-1.51355 10.9652 0.010638
-1.49456 10.7873 0.0105457
-1.43954 10.8825 0.0104164
-1.4498 10.8639 0.0105311
-1.41602 10.7812 0.0107748
-1.46899 10.7787 0.0104837
-1.49481 10.7079 0.0127367
-1.40187 10.7064 0.012097
-1.4593 10.7598 0.0106406
-1.42723 10.7307 0.0106045
-1.4336 10.7204 0.0103664
-1.3719 10.6666 0.010857
-1.4502 10.6141 0.0106867
-1.45415 10.5856 0.0104011
-1.42262 10.5624 0.0105328
-1.49606 10.591 0.010436
-1.38468 10.3483 0.0127065
-1.28221 10.354 0.0112306
-1.26128 10.4286 0.011105
-1.36695 10.3664 0.011493
-1.36071 10.2814 0.0107614
-1.29563 10.3707 0.0115499
-1.31663 10.3538 0.0118817
-1.23086 10.3426 0.0111194
-1.35931 10.2745 0.010856
-1.18916 10.1548 0.0116085
-1.27679 10.0146 0.0119127
-1.21588 10.214 0.0110738
-1.08636 10.1095 0.0109822
-1.21484 10.1104 0.0152014
-1.23443 10.1141 0.0125577
-1.1826 10.0033 0.0108385
-1.14492 10.0274 0.0108906
-1.18212 9.86037 0.0110346
-1.17657 10.0717 0.019668
-1.12163 9.98283 0.0109838
-1.08041 9.99242 0.0139265
-1.09698 9.78591 0.0153821
-1.1676 9.74311 0.0113518
-1.01124 9.84382 0.0109212
-1.19278 9.77424 0.0124243
-1.13875 9.65174 0.0109227
-1.14078 9.63361 0.0108268
-1.14805 9.78934 0.0109229
-1.12475 9.67179 0.014207
-1.14172 9.61261 0.0124074
-1.09657 9.69482 0.0110846
-1.21439 9.50255 0.0109728
-1.16765 9.55408 0.0106417
-1.11766 9.57111 0.0111575
-1.00174 9.38951 0.0107395
-1.13582 9.45886 0.0110664
-1.14352 9.39776 0.0108195
-1.1101 9.43894 0.0110592
-1.0122 9.38854 0.0111814
-1.04541 9.40416 0.0116281
-0.965001 9.27563 0.01224
-1.02574 9.2409 0.0110173
-0.967223 9.18071 0.0116873
-0.926351 9.22132 0.0108972
-0.867619 9.09896 0.0115474
-0.849373 9.1197 0.0110984
-0.920733 9.1577 0.0109958
-0.985256 9.06837 0.011062
-0.9976 9.02775 0.011038
-0.928854 9.07355 0.0110746
-1.00706 8.89604 0.0109616
-0.898164 8.88955 0.0135773
-1.03602 8.91147 0.0111496
-0.951228 8.95177 0.0109942
-0.857275 8.81363 0.0135954
-0.830483 8.73148 0.0108058
-0.852327 8.82561 0.0109502
-0.871849 8.78178 0.0111612
-0.89665 8.6076 0.0110392
-0.791996 8.69308 0.0114593
-0.788634 8.63234 0.0109517
-0.834364 8.72445 0.0115227
-0.924256 8.65393 0.0107112
-0.868871 8.63478 0.0108669
-0.714609 8.53357 0.0110496
-0.787468 8.49537 0.0129871
-0.723347 8.44116 0.0110685
-0.714627 8.44558 0.0107845
-0.931608 8.36197 0.0111473
-0.775435 8.46898 0.0109807
-0.855936 8.30768 0.0121885
-0.877631 8.32837 0.0107344
-0.780474 8.39825 0.0110811
-0.746041 8.26794 0.0112828
-0.710115 8.22694 0.0112099
-0.791936 8.18035 0.0110817
-0.717219 8.22307 0.0107714
-0.624121 8.17539 0.0109071
-0.620517 8.18519 0.0109826
-0.680759 7.9443 0.0110522
-0.668181 8.15181 0.0107026
-0.727035 7.98126 0.0105293
-0.727358 7.96005 0.0112441
-0.679433 7.94329 0.0116012
-0.698008 7.94694 0.0109795
-0.70273 7.93765 0.0108636
-0.73368 7.94784 0.0106679
-0.706579 7.95875 0.0109016
-0.758216 7.96896 0.0110867
-0.714748 7.90558 0.0107278
-0.841487 7.88109 0.0113136
-0.636523 7.87529 0.0108256
-0.660964 7.82502 0.0109021
-0.733526 7.74832 0.0107216
-0.710668 7.71258 0.0109794
-0.675353 7.63641 0.0151525
-0.65239 7.58036 0.0107655
-0.634084 7.66504 0.0107374
-0.662756 7.40826 0.0108594
-0.592134 7.41867 0.0106534
-0.521888 7.59582 0.0106206
-0.536576 7.57244 0.0108169
-0.471125 7.32394 0.0106573
-0.603843 7.3324 0.0108304
-0.59725 7.38424 0.0108124
-0.63512 7.38267 0.0105922
-0.642744 7.33386 0.0107164
-0.625737 7.23715 0.0110344
-0.705944 7.17294 0.0107195
-0.598639 7.17861 0.0109903
-0.514644 7.11053 0.0106125
-0.573468 7.21486 0.0107104
-0.556714 7.21237 0.0106013
-0.575213 7.12977 0.010834
-0.645517 7.04856 0.0105819
-0.652362 7.06085 0.0110679
-0.486619 6.93143 0.0102994
-0.482855 6.9274 0.0110956
-0.563065 6.83129 0.0104195
-0.561638 6.89207 0.0104564
-0.533422 6.82559 0.0104446
-0.398278 6.76709 0.0104539
-0.507429 6.74745 0.0103913
-0.561842 6.74895 0.0105859
-0.550992 6.78546 0.0105932
-0.546804 6.75181 0.010465
-0.516919 6.73759 0.0110746
-0.471984 6.71673 0.0107483
-0.597823 6.58511 0.0110017
-0.442009 6.66229 0.0110682
-0.649123 6.62094 0.0109038
-0.597505 6.55528 0.0110648
-0.562415 6.52126 0.0111177
-0.540271 6.37487 0.0110066
-0.521949 6.40533 0.0109024
-0.631068 6.54447 0.0111821
-0.612036 6.38634 0.0112249
-0.585852 6.40973 0.0220113
-0.631651 6.3709 0.0178663
-0.49355 6.36808 0.0117092
-0.536337 6.21435 0.0114558
-0.559131 6.23483 0.0115704
-0.550356 6.18092 0.0119637
-0.507548 6.08295 0.0283597
-0.550724 6.18177 0.0149339
-0.528246 6.17065 0.0139297
-0.391196 6.11335 0.0151072
-0.569767 6.08888 0.0152151
-0.497504 5.93738 0.0134387
-0.47471 6.00953 0.0133869
-0.601728 5.96902 0.0131423
-0.560811 6.0487 0.0139629
-0.511221 5.95281 0.0141685
-0.616545 5.8581 0.0137258
-0.569419 5.7863 0.0285814
-0.479122 5.82153 0.020398
-0.535368 5.84718 0.0115295
-0.482539 5.80813 0.0217481
-0.518669 5.77189 0.0275823
-0.559154 5.76573 0.0153808
-0.549296 5.70777 0.01155
-0.472405 5.63665 0.0111103
-0.405349 5.58575 0.011186
-0.691102 5.64066 0.0120347
-0.510436 5.77481 0.0117984
-0.538213 5.71722 0.0118895
-0.492458 5.6379 0.0240896
-0.486837 5.54635 0.0141131
-0.473329 5.46743 0.0142451
-0.514482 5.47294 0.0141962
-0.510554 5.4197 0.0113069
-0.518076 5.39404 0.0114774
-0.558839 5.30304 0.0116117
-0.571524 5.26684 0.0119765
-0.62978 5.36906 0.012052
-0.529986 5.37192 0.02576
-0.584624 5.25952 0.0170659
-0.517922 5.20777 0.0122092
-0.532849 5.04569 0.025485
-0.544719 5.11139 0.0138019
-0.457075 5.12781 0.0142653
-0.624761 5.07848 0.0116921
-0.541577 5.06696 0.0132079
-0.500402 5.02599 0.0119857
-0.555508 5.01434 0.0117797
-0.493543 5.0124 0.0224815
-0.520352 4.84297 0.0141288
-0.618512 4.90649 0.0115252
-0.63865 4.91534 0.0216982
-0.562998 4.799 0.025762
-0.597032 4.9387 0.0121926
-0.554783 4.87226 0.0274099
-0.497889 4.73982 0.0305584
-0.616488 4.79561 0.0161859
-0.615948 4.81262 0.0232625
-0.589924 4.80633 0.0271093
-0.510372 4.79346 0.0285848
-0.536443 4.69289 0.0168481
-0.601923 4.65085 0.0117463
-0.481861 4.65792 0.0114774
-0.497453 4.66886 0.0251749
-0.525474 4.63708 0.0160213
-0.559422 4.50289 0.0115032
-0.516616 4.49096 0.0116387
-0.497634 4.41875 0.0112837
-0.538466 4.34395 0.0114626
-0.57028 4.33351 0.0278172
-0.587352 4.2939 0.0154935
-0.539626 4.37184 0.0111554
-0.507459 4.33625 0.0116907
-0.505591 4.24116 0.0111833
-0.568306 4.17807 0.0116397
-0.653384 4.18956 0.0118121
-0.593457 4.26632 0.0279795
-0.714617 4.18117 0.01745
-0.645981 4.00464 0.0155333
-0.691259 4.02561 0.0164466
-0.582578 4.01952 0.0209738
-0.663809 4.01188 0.0116164
-0.752151 3.93122 0.0228833
-0.655362 3.93798 0.015828
-0.692458 3.86286 0.0163087
-0.652338 3.82778 0.0169644
-0.682524 3.80029 0.0152947
-0.663174 3.81677 0.0361815
-0.649785 3.74418 0.0198685
-0.618648 3.72635 0.0099192
-0.693032 3.78318 0.0250137
-0.601634 3.59906 0.0132164
-0.648687 3.72055 0.010204
-0.652191 3.60215 0.0325852
-0.6802 3.67205 0.0163674
-0.586051 3.50573 0.0164068
-0.612494 3.52667 0.0208281
-0.646282 3.56627 0.0105407
-0.621201 3.35868 0.0194831
-0.571307 3.45212 0.0124844
-0.568244 3.49452 0.0235285
-0.608885 3.27018 0.0140882
-0.632369 3.30698 0.010404
-0.69864 3.32633 0.0226401
-0.547913 3.26144 0.0139582
-0.697328 3.34165 0.0149361
-0.747307 3.37278 0.0137959
-0.701521 3.32829 0.0102454
-0.681406 3.19105 0.010112
-0.646182 3.19827 0.0212504
-0.695185 3.05574 0.0273116
-0.666579 3.14627 0.0103336
-0.703594 3.07125 0.0104009
-0.78201 2.90819 0.0101814
-0.677085 2.98797 0.0101704
-0.678272 2.90615 0.0102571
-0.680219 2.85619 0.01033
-0.716559 2.89891 0.0102254
-0.699635 2.95164 0.0102305
-0.691327 2.79771 0.01027
-0.66942 2.78834 0.0101057
-0.71511 2.73886 0.0102086
-0.717787 2.69944 0.0101637
-0.689851 2.74014 0.0101594
-0.65747 2.71392 0.0101281
-0.628045 2.71314 0.0101538
-0.800732 2.55252 0.0277482
-0.673803 2.50556 0.0166462
-0.692646 2.59362 0.0324658
-0.615359 2.63606 0.0274198
-0.697067 2.4534 0.0224294
-0.688414 2.55841 0.0257415
-0.642112 2.40499 0.0105334
-0.639702 2.38564 0.0105256
-0.764969 2.40831 0.0100787
-0.681105 2.36781 0.0102137
-0.678425 2.32229 0.0100356
-0.714567 2.2808 0.01014
-0.71534 2.34071 0.0103924
-0.738678 2.19074 0.0104422
-0.691384 2.12195 0.0104845
-0.746876 2.24392 0.0106711
-0.731407 2.16401 0.009804
-0.836101 2.01402 0.0259696
-0.689183 2.08375 0.0244282
-0.828085 2.12009 0.0154228
-0.770002 2.0606 0.03151
-0.674757 1.99116 0.0162345
-0.897103 2.00915 0.0239466
-0.689782 2.09599 0.0138045
-0.840433 1.91956 0.0226763
-0.677167 1.95266 0.0143823
-0.726456 1.83722 0.0149954
-0.72816 1.88558 0.0145025
-0.792105 1.825 0.0154847
-0.867526 1.82914 0.011606
-0.88289 1.65201 0.0102617
-0.77675 1.6506 0.0110102
-0.827354 1.63227 0.0111514
-0.884133 1.61025 0.0227486
-0.803975 1.63634 0.0241582
-0.868892 1.58293 0.0230468
-0.73829 1.5379 0.0287922
-0.839593 1.57617 0.0102759
-0.859595 1.51251 0.0104303
-0.767514 1.47623 0.0218572
-0.703185 1.44393 0.0248492
-0.872115 1.48381 0.0250366
-0.749932 1.4201 0.0100483
-0.792902 1.39707 0.0221648
-0.840209 1.43004 0.0251592
-0.694063 1.29775 0.0123609
-0.751702 1.19128 0.0103863
-0.753713 1.17413 0.0107229
-0.736233 1.12907 0.0245624
-0.859242 1.03916 0.0159745
-0.833408 1.09808 0.0308762
-0.827296 1.11931 0.0099965
-0.747316 1.09749 0.0098605
-0.876552 0.920141 0.0110957
-0.826552 1.15369 0.0230472
-0.950025 0.94641 0.0142845
-0.822739 0.882691 0.0145663
-0.761188 0.870645 0.0097213
-0.805456 0.927823 0.0108343
-0.810052 0.935037 0.0104587
-0.8874 0.772932 0.0100775
-0.92574 0.804369 0.0101868
-0.804328 0.835602 0.0269614
-0.758061 0.739436 0.0111259
-0.810041 0.673746 0.0100751
-0.84116 0.656365 0.0103439
-0.854138 0.603255 0.010402
-0.978888 0.566651 0.0105331
-0.914969 0.541151 0.0101648
-0.823922 0.659359 0.0103669
-0.922853 0.4757 0.0101365
-0.849179 0.479538 0.0102088
-0.937479 0.431206 0.0103901
-0.871902 0.408049 0.0095935
-0.926798 0.475505 0.0100973
-0.820441 0.307792 0.0105041
-0.906528 0.357907 0.0187582
-0.911173 0.331462 0.0096682
-0.895677 0.263129 0.0103033
-0.937855 0.276466 0.0216448
-0.778962 0.150171 0.0129858
-0.95571 0.214346 0.0123918
-0.890795 0.159967 0.0187898
-1.01927 0.185006 0.0240826
-0.964971 0.151901 0.0198634
-0.939627 0.178854 0.0101768
-0.969911 0.101457 0.0104977
-0.991087 0.00231904 0.0107335
-0.930874 -0.0522011 0.0209935
-0.78901 -0.0769325 0.0251699
-0.879147 0.0433937 0.0322519
-0.940159 -0.238498 0.014012
-0.985483 -0.204407 0.0131709
-0.815711 -0.191466 0.0131692
-0.882931 -0.264531 0.0152153
-0.930822 -0.314367 0.009234
-1.01005 -0.213448 0.0096293
-0.961047 -0.27593 0.0093671
-1.04407 -0.207658 0.0094136
-0.842606 -0.300993 0.0092161
-0.994582 -0.381104 0.009228
-1.01306 -0.422862 0.0089911
-1.01729 -0.465142 0.0095413
-0.997205 -0.331712 0.008897
-1.04497 -0.401512 0.0092359
-1.0577 -0.573205 0.0102305
-1.12539 -0.679684 0.0101289
-1.15461 -0.604553 0.0102742
-1.14388 -0.575133 0.0099182
-1.1063 -0.560769 0.0102151
-1.09566 -0.644147 0.0091843
-1.15924 -0.65083 0.0105161
-1.16364 -0.703237 0.0099985
-1.1644 -0.791145 0.0104308
-1.06268 -0.713229 0.0098306
-1.27214 -0.661222 0.0102008
-1.29378 -0.70122 0.0242072
-1.20394 -0.742668 0.0099425
-1.32675 -0.929909 0.0099098
-1.30811 -0.864053 0.0098753
-1.21747 -0.876503 0.0099131
-1.339 -0.96813 0.0096876
-1.2973 -0.914317 0.0099854
-1.35327 -0.946689 0.0098101
-1.33375 -0.944409 0.0097616
-1.27012 -1.02385 0.0099158
-1.40953 -0.992391 0.0096012
-1.28991 -0.994069 0.0097397
-1.36491 -0.92322 0.0098622
-1.15937 -1.03561 0.0099941
-1.40345 -1.13944 0.0267213
-1.34634 -1.13247 0.0111861
-1.29267 -1.18484 0.0099936
-1.38655 -1.18411 0.014903
-1.37221 -1.24352 0.0092483
-1.31668 -1.28192 0.0091509
-1.22734 -1.27667 0.0090597
-1.33377 -1.2113 0.0089341
-1.18455 -1.33141 0.0089649
-1.19043 -1.31736 0.0094453
-1.22494 -1.44935 0.0089214
-1.30479 -1.39589 0.0253062
-1.36564 -1.41957 0.0280207
-1.39075 -1.47252 0.0167165
-1.34705 -1.55084 0.018564
-1.46725 -1.475 0.0309266
-1.24345 -1.45137 0.0174563
-1.2286 -1.51359 0.0091629
-1.30183 -1.58926 0.0094914
-1.30404 -1.7085 0.0092691
-1.24863 -1.64235 0.0093201
-1.37897 -1.68918 0.0097599
-1.44099 -1.79013 0.0098021
-1.17325 -1.73534 0.0098199
-1.19929 -1.69022 0.0094864
-1.28052 -1.7979 0.0095309
-1.19318 -1.81757 0.0094723
-1.25927 -1.85397 0.0094894
-1.12772 -1.8849 0.0106808
-1.0863 -2.00589 0.0102989
-0.854955 -2.00033 0.013766
-1.09492 -1.96965 0.0084304
-0.904533 -2.01831 0.0093203
-0.970128 -2.00621 0.0088757
-1.0298 -2.00896 0.0087707
-1.02639 -2.0385 0.0088596
-0.909121 -2.00031 0.0095486
-0.817516 -2.16756 0.009555
-0.799641 -2.2519 0.0082776
-0.831057 -2.18448 0.0081486
-0.827301 -2.20515 0.0090334
-0.789696 -2.31647 0.0082207
-0.758194 -2.28692 0.0220032
-0.77171 -2.27806 0.0173453
-0.723655 -2.19896 0.0209332
-0.750272 -2.25553 0.0224114
-0.584168 -2.18482 0.0230452
-0.662882 -2.33873 0.0254988
-0.610931 -2.32503 0.0177709
-0.554704 -2.44378 0.0200301
-0.525282 -2.38926 0.0092977
-0.497954 -2.24711 0.0091175
-0.577709 -2.3778 0.0097826
-0.346592 -2.31941 0.0092265
-0.432428 -2.46224 0.009191
-0.429486 -2.4142 0.0217477
-0.449532 -2.43938 0.0113896
-0.257531 -2.39103 0.0122505
-0.302363 -2.37985 0.0121843
-0.223292 -2.353 0.0240021
-0.25159 -2.3206 0.0106527
-0.281458 -2.44372 0.0100711
-0.0848112 -2.37538 0.009563
-0.131873 -2.3195 0.0236326
-0.0803176 -2.529 0.0129142
0.0366317 -2.52868 0.0262761
0.133971 -2.45425 0.0163973
0.0818713 -2.42807 0.0138968
0.104306 -2.45316 0.0090407
0.0348196 -2.39017 0.0080768
0.193014 -2.54839 0.0088488
0.234688 -2.39127 0.0082386
0.250711 -2.4826 0.0083387
0.111851 -2.44951 0.0221669
0.185091 -2.43836 0.0084339
0.22039 -2.46495 0.0078586
0.277157 -2.39033 0.0079579
0.40367 -2.39979 0.0218097
0.227828 -2.37838 0.0125658
0.349355 -2.33241 0.0112944
0.468682 -2.38397 0.0293193
0.557279 -2.4291 0.0106513
0.490017 -2.3033 0.0135585
0.571156 -2.19504 0.0131972
0.539799 -2.31051 0.0073942
0.671561 -2.33501 0.0144095
0.418969 -2.07749 0.0140193
0.590678 -2.18314 0.0132749
0.64068 -2.15243 0.0142527
0.583461 -2.19868 0.0132267
0.62042 -2.13891 0.0181216
0.689405 -2.11144 0.0067261
0.70579 -2.09643 0.0067189
0.871808 -2.19403 0.0067635
0.849717 -1.99597 0.0067828
0.833958 -2.09305 0.0206373
0.943396 -2.13705 0.0069322
0.962689 -2.18136 0.0068162
1.03928 -2.00511 0.00677
0.906571 -2.02927 0.0068664
0.86248 -1.93361 0.0070828
0.904397 -1.87231 0.0069483
0.922081 -1.82031 0.0205152
0.936983 -1.96993 0.0228378
0.917122 -2.01809 0.0119185
1.12951 -2.09148 0.0119915
0.923035 -1.82233 0.0119253
0.892515 -1.80862 0.0188732
1.11199 -1.95319 0.0172887
1.10672 -1.91928 0.0212448
1.10732 -1.81396 0.0111749
1.07362 -1.81214 0.0078189
1.07643 -1.6776 0.0109891
1.16182 -1.58467 0.0108106
1.25162 -1.69592 0.0110293
1.14476 -1.46725 0.0107452
1.06028 -1.71224 0.0106823
1.14512 -1.66622 0.0107465
1.09905 -1.4311 0.0079365
1.2696 -1.49893 0.0078338
1.18691 -1.47988 0.010922
1.21268 -1.59589 0.012405
1.24506 -1.46754 0.0125348
1.18281 -1.44893 0.0251059
1.32667 -1.41474 0.0124314
1.07787 -1.29168 0.0287179
1.17178 -1.32623 0.0191135
1.20559 -1.40036 0.0173337
1.15609 -1.15162 0.0159173
1.16337 -1.24638 0.0091582
1.10337 -1.18617 0.0233246
1.08298 -0.990096 0.0109426
1.2363 -1.21948 0.0213177
1.07697 -1.16597 0.0097755
1.29523 -1.0056 0.0102777
1.12095 -1.04725 0.0080352
1.00261 -1.01493 0.0102831
1.11407 -0.965291 0.0088844
1.0723 -0.913298 0.0090905
1.1591 -0.856403 0.0100372
1.18187 -0.863044 0.0088178
1.11508 -0.83288 0.0090516
1.19585 -0.812975 0.010146
1.01506 -0.788437 0.00971
0.982605 -0.885585 0.0100264
1.02473 -0.692037 0.0100284
1.1856 -0.509265 0.0100485
1.12153 -0.704024 0.0105518
0.999679 -0.556081 0.0099999
0.9514 -0.621987 0.0105733
0.956379 -0.617685 0.0099846
1.14326 -0.533936 0.009858
1.13552 -0.443692 0.010682
1.02722 -0.403275 0.0275078
1.04362 -0.460791 0.0394064
1.03979 -0.369449 0.0098461
1.15614 -0.387372 0.0118166
1.06351 -0.436775 0.010089
1.04266 -0.256481 0.0100852
1.12606 -0.221705 0.0105656
1.10248 -0.202606 0.0103781
1.0404 -0.240461 0.0104967
1.02614 -0.137426 0.0103576
1.06404 -0.111002 0.0101207
0.980881 -0.0658516 0.0109411
1.14541 -0.0717966 0.01058
0.948492 -0.0169779 0.0110797
1.04336 -0.00835718 0.0105162
0.997938 0.0611243 0.010321
1.10072 0.0855763 0.0103053
0.961131 0.148468 0.0104539
0.965198 0.0561973 0.010479
1.02028 0.139817 0.0118233
0.994863 0.224172 0.0107699
1.01965 0.195407 0.0111112
0.929881 0.197578 0.0259688
1.0155 0.30148 0.0233056
0.899861 0.279796 0.0135301
1.0957 0.385033 0.0287665
0.964787 0.373479 0.0156532
1.1034 0.318378 0.0176217
1.0176 0.357795 0.0278081
1.16452 0.445041 0.0138711
1.03614 0.663482 0.0144068
1.14601 0.722867 0.0118223
0.918771 0.601904 0.0108751
0.94781 0.489127 0.0116147
0.970388 0.683925 0.0114492
1.01597 0.64234 0.0105256
0.992521 0.605489 0.0320728
1.01709 0.601432 0.013149
0.895966 0.784343 0.0214739
1.11823 0.72513 0.0148089
1.0342 0.773116 0.0117006
1.01218 0.901178 0.0113363
1.06412 0.914352 0.0107552
1.01793 0.94073 0.0106623
1.03463 0.962799 0.0116453
1.00049 0.989973 0.0224835
0.959349 1.05408 0.0110975
0.966446 1.09678 0.01122
1.03412 1.05269 0.0212999
1.09275 0.954198 0.0139781
0.95919 1.0191 0.0288306
1.06734 1.03766 0.0156473
1.00827 1.01975 0.0117217
1.09512 0.872602 0.0109389
1.06934 0.94467 0.0103599
0.94414 1.01432 0.0114027
1.05851 1.09316 0.0112202
0.971073 1.10374 0.0112142
1.05746 0.912083 0.0111432
1.03913 1.01558 0.0111048
0.985442 1.06089 0.0106187
1.02287 1.03554 0.0113322
1.06419 0.930315 0.0112192
1.01614 1.01979 0.0112294
1.05841 0.974045 0.0117612
1.01384 1.03271 0.0115489
1.08711 1.00268 0.0113709
1.049 1.02822 0.0114034
1.06071 1.15915 0.0306078
1.01295 1.11155 0.0157954
1.07034 1.01548 0.0159659
1.11872 1.04295 0.0161206
1.01307 1.08303 0.0156674
0.981785 0.950317 0.011476
0.949191 1.04592 0.0111384
1.11749 0.926484 0.011525
1.02745 0.998909 0.0114441
1.00219 0.970656 0.0115734
0.984179 1.15689 0.0112821
1.02075 1.00233 0.0112087
1.0868 1.09441 0.0113434
1.01862 1.06463 0.0297829
1.03756 1.16892 0.0241598
1.03221 0.979318 0.0170873
0.875487 1.06905 0.0307716
0.961056 0.953271 0.0162563
1.01761 1.01774 0.0174649
0.956786 0.91185 0.0300366
1.10655 1.07929 0.0257926
1.07806 0.961102 0.0113365
1.15808 0.927557 0.0258178
1.0994 1.00332 0.0119049
1.11644 1.00018 0.0111203
0.997568 1.0555 0.0111602
0.974536 1.05169 0.0112142
1.00365 1.01438 0.0111723
1.04059 0.982337 0.0110821
1.03694 0.998112 0.0110682
1.05657 0.996287 0.0114435
1.09874 1.04986 0.0108831
1.02941 1.00259 0.0108951
1.01924 0.949207 0.0104452
0.990528 1.00576 0.0315713
1.12727 0.934143 0.0129643
1.00503 0.921526 0.0126511
0.964923 0.899528 0.0133041
0.913856 0.96517 0.011102
0.977139 1.04717 0.0109419
1.09074 0.99326 0.0108844
1.04695 1.01777 0.0248821
0.978671 0.957139 0.0187625
1.0523 1.0156 0.018904
0.946268 0.977324 0.0114414
1.05514 0.973482 0.0109375
1.02088 1.03798 0.011066
0.971639 1.04548 0.0115374
1.04815 0.939734 0.0112871
0.964307 0.996131 0.0109043
1.16481 1.02123 0.0109671
1.16233 1.07617 0.0110135
0.969839 1.02456 0.010886
1.02595 0.967438 0.0105522
0.973 0.963799 0.0112989
0.986355 0.942266 0.011039
0.958581 1.03425 0.0115427
0.986864 1.02095 0.0115161
0.996084 1.02769 0.0109928
1.08952 0.961011 0.0115533
1.09278 1.00244 0.0111586
0.99955 1.03182 0.0275435
1.04461 1.0956 0.0154171
0.950129 1.05839 0.0185852
0.945009 1.01242 0.0289199
0.985714 1.0424 0.0182079
1.02638 1.02439 0.0184122
1.06379 1.03342 0.0217275
1.04523 0.919436 0.0333179
1.0699 0.96713 0.0287633
1.09577 1.00772 0.0187312
1.01092 1.0048 0.0221944
1.02926 0.935629 0.0124195
1.00588 0.973912 0.0115877
1.11701 1.09427 0.0117534
0.923529 0.997736 0.0110473
0.948293 0.981654 0.0110219
0.923855 0.957309 0.0120305
0.991266 0.894332 0.0110835
1.05391 1.06816 0.0238585
1.00632 1.03678 0.0157438
1.05063 1.0018 0.0354412
1.05999 0.987751 0.0161012
0.964108 0.991634 0.0174347
1.07497 0.984391 0.0160894
1.00269 0.972068 0.0229226
0.940723 0.936505 0.0386648
1.07344 0.965048 0.0200272
0.989989 1.02811 0.0112021
1.0056 0.997353 0.0113443
1.00257 0.986111 0.0115421
1.03508 1.023 0.0111071
1.07605 0.988563 0.0112248
0.989366 1.07249 0.0115989
1.03044 1.03444 0.0108818
0.999794 1.1175 0.0114026
0.934404 0.987751 0.0114936
1.04861 1.01739 0.0312056
1.0576 1.04963 0.030606
1.0576 1.04963 0.0310165
1.0576 1.04963 0.0149788
1.0576 1.04963 0.0152712
1.0576 1.04963 0.0147211
1.0576 1.04963 0.0115272
1.0576 1.04963 0.0117241
1.0576 1.04963 0.0122601
1.0576 1.04963 0.0111497
1.0576 1.04963 0.0214265
1.0576 1.04963 0.0289384
1.0576 1.04963 0.0132038
1.0576 1.04963 0.0243791
1.0576 1.04963 0.028544
1.0576 1.04963 0.0286061
1.0576 1.04963 0.034723
1.0576 1.04963 0.0179575
1.0576 1.04963 0.0115099
1.0576 1.04963 0.0115795
1.0576 1.04963 0.0116647
